А: 1110 1110 0000 0000
Л: 0110 1000 0000 1000
Е: 1001 1110 0000 0000
К: 0000 1100 0000 1001
С: 1001 1100 0000 0000
Е: 1001 1110 0000 0000
И: 0110 1100 0000 0010
 : 0000 0000 0000 0000
Хл:0000 0000 0000 0110
Хп:0000 0000 0000 1001
А: 1110 1110 0000 0000
Л: 0110 1000 0000 1000
Е: 1001 1110 0000 0000
Е: 1001 1110 0000 0000
В: 1001 1100 0000 1001
 : 0000 0000 0000 0000
2: 1101 1010 0000 0000
1: 0110 0000 1000 0000
-: 0000 0010 0000 0000
В: 1001 1100 0000 1001
Мл:0000 1100 0000 0100
Мп:0110 0000 0000 1000
З: 1001 0000 0000 1001
-: 0000 0010 0000 0000
4: 0110 0110 0000 0000